600 340 635 247 605 125 539 131 527 257 474 348 583 336 544 338 534 476 529 451 611 604 529 580 
539 334 565 244 572 120 539 124 525 255 474 348 558 335 539 338 505 468 515 451 581 601 532 576 
504 316 531 233 537 114 533 117 519 243 474 341 532 325 528 332 484 456 503 446 551 583 537 570 
476 305 504 221 504 109 511 113 515 230 473 332 495 311 501 322 481 452 470 433 523 577 489 558 
456 300 481 220 478 109 495 111 510 229 473 329 474 310 486 319 421 438 485 433 408 559 515 564 
428 305 448 223 454 112 477 113 497 232 468 330 447 311 467 320 449 438 455 448 449 562 475 565 
392 301 425 224 429 119 453 121 476 234 461 332 425 308 445 318 452 443 427 449 477 560 441 565 
373 302 398 225 406 127 438 132 461 234 450 340 395 310 421 319 408 445 378 448 484 549 372 558 
350 299 381 224 387 128 422 135 447 235 440 340 372 307 398 316 364 441 363 431 378 549 415 530 
323 299 352 225 358 132 416 137 434 236 421 339 348 308 385 316 347 441 331 429 367 551 362 535 
303 299 330 225 337 134 410 137 424 236 394 337 330 309 374 316 350 441 294 417 367 548 333 515 
281 300 301 225 313 133 402 136 419 236 385 333 311 307 366 315 348 437 269 407 362 548 299 508 
254 300 273 226 288 134 392 137 408 236 382 329 298 308 355 314 341 436 254 407 359 549 262 510 
230 301 250 226 268 136 380 143 398 238 380 329 284 308 344 314 334 437 242 410 355 549 227 513 
205 308 226 227 247 142 363 157 383 245 379 331 267 308 327 314 324 436 235 413 347 542 224 517 
186 315 204 232 229 155 343 166 369 253 374 337 249 312 307 317 307 434 223 419 342 535 224 518 
172 326 186 248 213 175 329 181 358 264 366 347 233 313 294 317 290 423 221 419 313 523 221 519 
163 343 177 269 205 191 318 192 344 270 352 356 226 314 285 317 279 418 217 418 281 520 218 519 
155 364 168 286 200 208 312 209 334 285 338 364 220 320 278 320 276 417 215 415 269 515 218 518 
157 373 165 301 198 225 306 229 326 298 321 373 213 323 270 324 269 419 211 416 266 513 215 517 
156 385 165 314 195 244 305 249 318 313 309 387 211 327 266 331 271 420 210 416 263 517 208 515 
158 395 165 325 198 253 306 263 312 326 299 394 211 332 265 337 272 421 203 417 264 517 212 515 
162 405 165 333 198 260 306 272 308 341 292 401 211 335 264 342 273 418 201 414 262 517 210 516 
170 423 170 351 198 272 304 275 307 338 294 403 206 337 259 340 270 418 201 421 258 518 212 517 
174 431 174 357 199 278 305 280 307 337 294 405 206 338 259 339 275 416 199 420 263 518 209 517 
176 429 176 355 200 279 306 283 309 342 297 404 207 337 260 340 277 415 200 418 264 519 209 516 
178 430 179 356 202 277 308 282 312 344 298 405 208 339 261 343 278 417 202 421 264 519 211 516 
186 433 180 358 204 278 309 279 314 342 302 405 209 341 261 343 280 413 201 421 265 518 211 516 
187 433 182 358 205 278 310 277 315 343 304 406 209 340 262 342 287 403 201 410 267 515 207 519 
191 429 189 355 211 275 314 275 316 340 304 404 211 340 264 342 293 406 203 416 280 515 203 519 
195 426 197 350 222 273 322 272 321 338 310 403 218 340 270 341 302 408 205 421 299 521 206 517 
199 425 205 348 231 271 333 271 330 341 317 416 229 345 281 344 312 413 213 424 309 526 207 519 
206 423 213 347 242 270 345 272 343 343 329 414 243 344 296 345 319 416 217 427 312 526 212 520 
212 421 220 346 251 269 353 271 355 342 342 412 253 345 306 346 333 417 230 424 317 527 225 520 
220 421 225 346 257 268 361 270 365 342 356 411 262 347 314 349 339 418 243 424 320 529 251 521 
229 421 229 346 261 265 366 269 372 341 362 410 267 346 320 348 335 424 256 425 321 529 255 521 
236 420 233 346 264 264 370 268 379 342 368 410 272 346 326 348 338 434 262 428 316 530 259 522 
240 418 235 346 267 264 373 267 381 342 373 410 277 348 330 349 334 433 274 428 315 529 271 523 
243 417 237 344 269 263 374 266 382 341 374 409 280 349 332 350 333 437 277 430 314 530 272 525 
244 415 238 341 270 263 376 266 386 341 379 409 282 351 336 352 339 434 276 429 315 531 273 525 
243 410 237 338 270 262 375 266 388 342 380 411 282 354 336 356 342 425 274 429 319 528 275 526 
242 408 235 338 268 263 374 267 389 343 381 411 281 356 335 358 341 426 276 428 318 528 278 530 
242 408 233 338 267 266 373 270 391 345 382 411 282 358 337 362 343 428 276 427 320 528 281 532 
240 408 230 338 266 270 371 273 391 346 381 412 283 365 337 368 342 437 277 434 319 528 281 533 
239 409 226 339 265 276 371 278 393 349 382 413 284 375 339 380 342 436 278 433 320 527 281 534 
239 411 222 342 264 283 368 281 395 351 382 415 282 381 338 383 341 430 276 433 320 527 280 534 
238 413 217 347 260 289 363 286 396 353 381 418 281 393 337 393 340 423 275 434 322 526 282 534 
238 416 212 350 257 295 358 286 395 353 381 419 281 397 337 398 340 419 274 429 323 527 280 533 
238 416 212 351 254 291 354 285 394 352 381 418 280 394 337 393 332 419 273 423 323 526 265 535 
238 416 213 351 251 288 351 284 393 349 380 418 280 393 337 393 331 416 266 424 323 524 255 536 
237 416 214 351 247 289 348 283 393 349 380 417 280 392 336 391 329 415 257 425 322 524 240 540 
237 416 213 353 242 293 342 284 391 344 380 417 280 395 336 394 329 411 253 425 322 524 237 542 
238 417 209 358 236 296 337 284 387 341 380 417 279 398 336 393 328 409 249 425 325 525 237 541 
237 418 200 360 230 299 332 284 382 340 379 413 279 399 336 392 328 410 248 425 327 525 239 541 
232 418 193 359 229 298 330 284 376 340 377 411 278 400 334 391 328 409 249 424 331 524 239 541 
227 420 189 358 228 297 328 283 372 340 373 411 272 399 329 392 325 410 244 425 332 524 238 542 
222 420 187 355 230 292 330 283 367 343 365 413 264 398 322 394 323 416 237 428 331 528 236 543 
212 418 188 352 231 286 332 281 363 348 356 416 257 397 315 396 318 421 229 436 325 535 231 548 
206 411 190 346 232 280 333 280 360 352 350 418 251 397 309 399 318 425 225 437 311 539 227 551 
201 410 192 345 233 279 333 281 358 354 346 418 245 400 304 406 316 430 219 437 299 554 227 551 
199 411 193 343 233 279 334 283 356 355 344 419 240 402 299 411 312 433 220 435 296 565 226 550 
198 414 191 343 233 278 334 284 353 356 342 420 237 403 296 411 310 434 224 431 293 568 227 551 
196 418 187 343 232 279 334 288 351 358 340 421 234 402 293 410 308 435 227 429 293 567 228 553 
194 423 181 345 230 280 333 289 350 359 338 423 234 402 292 409 308 436 228 432 294 570 232 561 
192 428 176 346 227 280 331 289 349 359 337 425 233 402 292 409 308 439 228 433 296 570 235 568 
192 430 173 350 220 281 327 288 348 359 337 424 232 403 292 409 309 438 229 438 296 569 235 576 
192 435 172 354 216 281 323 286 347 358 337 424 230 405 291 409 309 441 227 441 297 571 234 584 
191 437 172 358 210 281 318 285 344 358 338 424 229 408 290 410 312 445 226 447 297 571 234 591 
190 438 171 359 205 281 312 284 340 355 338 422 228 410 289 410 317 444 226 448 299 569 234 599 
190 443 169 362 200 282 307 282 335 354 337 422 227 412 289 411 320 443 227 450 302 568 234 600 
188 445 166 364 194 282 302 282 329 355 335 427 224 414 287 412 322 442 226 452 308 567 234 600 
185 447 162 365 191 282 300 282 325 355 334 427 223 417 286 413 325 442 225 454 319 575 234 601 
180 449 158 366 188 282 297 281 321 356 332 427 222 419 285 414 326 442 225 453 330 582 234 601 
177 448 156 366 188 282 297 282 322 356 332 429 221 422 284 418 327 443 225 452 341 590 234 603 
176 449 156 366 190 282 299 282 323 357 332 430 219 422 283 419 330 448 224 452 350 597 234 602 
176 448 157 365 191 282 300 281 325 356 333 428 219 422 283 419 331 455 224 456 355 600 234 602 
176 448 158 365 193 282 302 281 326 357 333 430 219 422 283 419 333 456 223 458 357 601 235 604 
176 448 158 365 193 283 305 281 332 357 334 431 220 423 285 421 336 456 222 457 357 605 235 605 
177 448 160 365 194 283 308 280 337 357 339 431 220 424 288 423 339 455 222 457 357 605 234 603 
179 449 164 366 195 283 310 280 341 357 344 431 224 427 294 424 342 455 222 456 355 602 233 604 
184 451 167 367 196 283 312 279 343 356 349 431 228 428 298 424 343 455 222 461 354 600 233 604 
189 452 169 368 198 284 316 279 346 356 353 430 233 428 304 423 342 454 223 462 352 600 233 604 
192 453 172 368 200 284 317 279 348 356 357 430 237 428 307 423 342 454 226 461 353 599 234 604 
195 452 175 368 203 285 320 279 351 356 361 430 241 428 310 423 341 454 226 464 352 599 235 604 
198 452 178 368 207 285 322 279 354 355 364 429 244 426 312 421 341 454 228 465 352 598 235 603 
201 452 182 368 211 286 325 278 357 354 365 428 247 425 314 421 342 454 230 464 352 599 235 603 
203 450 185 367 216 287 330 278 360 354 366 427 250 423 317 420 343 455 232 466 353 599 236 604 
206 448 189 367 220 287 333 278 366 354 369 427 253 423 320 420 343 454 234 466 353 597 236 604 
210 446 193 366 224 287 339 278 370 354 371 427 256 423 322 420 345 451 238 466 353 590 237 604 
212 443 198 364 229 287 342 278 373 354 374 427 258 423 325 420 346 449 239 465 352 578 238 601 
212 441 201 363 231 286 344 278 377 354 379 427 258 421 325 419 349 449 240 462 352 577 242 593 
211 433 201 359 233 284 345 277 377 353 384 422 258 420 326 419 356 448 242 461 352 574 245 585 
210 418 199 355 235 283 346 277 380 349 385 410 257 420 326 419 360 450 241 460 352 571 246 582 
210 409 198 351 237 282 347 275 385 346 384 403 258 420 328 419 363 453 241 461 352 568 247 579 
214 406 196 351 238 281 348 274 392 345 383 402 259 419 329 418 363 458 241 466 352 566 247 575 
220 407 195 351 239 281 349 274 396 345 382 405 259 419 329 417 363 463 240 469 352 565 247 573 
223 411 192 351 240 281 351 275 400 346 381 407 260 419 329 417 362 465 241 470 352 565 247 572 
225 412 189 352 241 283 352 276 403 349 381 407 261 419 330 417 362 465 241 470 352 565 247 572 
227 413 188 352 243 284 353 279 405 351 381 408 261 419 330 417 362 465 242 470 352 565 247 573 
229 413 187 352 244 284 356 280 408 352 380 408 262 417 330 417 361 465 242 470 352 566 247 574 
230 413 187 347 244 277 360 274 408 349 380 409 262 410 330 411 361 467 242 470 352 566 247 574 
232 412 190 339 245 258 365 262 406 342 380 408 262 395 331 396 363 467 241 470 352 566 247 574 
231 406 197 322 247 230 367 234 404 320 380 403 264 377 333 376 366 459 241 466 352 564 247 574 
223 393 204 296 247 202 370 210 404 302 384 387 265 359 334 359 368 452 242 455 352 564 247 573 
205 362 208 267 247 176 370 181 403 275 402 362 265 346 336 347 367 453 245 454 352 565 247 572 
183 333 206 236 247 154 371 163 405 254 429 339 266 335 339 336 367 451 248 453 352 565 247 572 
162 311 205 218 247 137 371 144 412 234 454 314 270 324 342 327 364 449 248 452 352 565 246 572 
141 288 203 205 247 129 371 132 417 211 474 285 273 319 345 319 363 446 253 450 351 565 247 572 
116 263 193 195 246 126 370 127 423 194 493 253 275 317 346 317 359 445 254 451 350 565 247 573 
93 239 179 181 246 121 370 125 439 185 525 235 275 318 347 317 358 445 256 451 349 565 247 572 
65 207 157 170 246 122 370 122 448 170 535 198 277 319 349 317 357 445 257 452 349 565 247 572 
44 192 147 158 243 119 371 121 451 162 543 185 279 317 352 315 357 446 259 452 350 565 247 572 
35 174 142 151 242 118 371 120 456 155 552 170 279 318 352 314 357 446 259 451 351 565 247 572 
33 157 141 142 241 115 372 120 459 147 557 157 279 317 352 314 357 445 258 451 352 565 247 572 
33 138 141 132 240 116 374 122 467 143 563 148 278 318 351 315 357 446 258 451 352 566 246 571 
35 130 144 126 240 114 375 120 467 136 563 139 278 316 351 314 356 445 259 450 352 566 246 571 
37 120 144 122 240 113 376 120 469 132 565 134 278 317 351 315 356 445 259 450 352 566 246 571 
26 115 138 119 240 113 377 119 469 129 565 129 278 316 351 315 354 443 261 446 351 565 246 571 
32 116 140 122 240 113 378 118 469 129 564 131 278 316 351 315 354 443 260 446 351 566 246 571 
38 118 141 123 240 112 379 118 470 127 566 129 278 317 351 316 354 443 260 446 351 566 246 571 
36 118 140 122 240 112 379 118 471 126 569 129 278 318 351 316 353 443 261 445 351 566 246 571 
32 122 140 123 241 113 380 118 471 124 569 128 278 318 351 317 353 444 261 445 351 566 246 571 
36 122 140 122 241 112 380 117 470 124 565 128 278 318 351 317 353 444 261 445 351 566 246 572 
32 120 139 124 241 112 380 117 469 124 563 127 278 318 351 317 353 444 261 445 351 566 246 572 
34 121 139 125 241 113 380 117 469 124 562 127 278 318 351 317 353 444 261 445 351 566 246 571 
33 121 135 125 241 113 380 117 469 123 566 126 278 319 350 317 353 445 261 448 351 566 246 571 
28 123 136 125 241 113 380 117 469 124 568 128 277 319 350 318 353 445 261 447 351 566 246 571 
30 130 137 126 241 112 379 117 471 126 572 133 277 320 350 318 353 448 260 450 351 567 246 572 
31 158 140 138 241 112 378 117 470 143 571 155 277 321 350 319 353 447 260 449 351 567 246 573 
32 186 141 159 241 113 373 116 459 160 539 187 275 322 349 319 354 447 259 449 351 567 246 574 
81 221 159 173 241 117 373 120 444 183 515 235 272 323 346 321 354 446 256 449 351 567 246 574 
111 269 171 200 241 133 373 137 433 215 489 287 269 329 342 327 354 446 254 449 351 567 246 574 
144 315 182 231 241 157 373 161 421 246 448 328 267 339 338 338 356 451 251 450 352 567 246 574 
176 355 193 260 241 178 372 186 410 272 417 366 263 352 331 351 357 452 251 452 352 567 246 574 
207 384 197 291 241 203 372 210 410 303 392 390 261 363 332 363 360 447 247 451 352 566 246 574 
227 400 200 312 242 223 370 229 407 320 377 397 260 380 331 376 360 448 247 454 352 566 245 574 
234 411 200 331 242 244 368 244 409 329 382 401 260 388 331 386 362 449 247 458 352 564 245 574 
236 418 198 345 242 260 366 259 411 337 381 407 259 400 331 397 364 453 247 462 352 563 245 575 
236 418 196 351 243 271 364 269 411 346 379 412 260 413 331 411 363 457 247 462 352 563 245 575 
235 420 194 353 243 280 362 274 410 348 380 411 260 420 331 419 364 458 249 463 352 564 246 575 
235 420 193 359 243 285 360 278 408 351 380 411 261 423 332 420 363 457 249 466 353 565 247 575 
236 419 193 360 243 287 357 279 403 352 379 409 262 420 332 419 363 460 249 473 353 565 248 575 
238 416 195 361 243 286 355 279 395 351 377 410 262 418 331 418 363 460 248 472 353 565 248 576 
238 413 199 358 243 282 354 275 388 348 375 406 262 414 331 415 363 460 248 472 353 565 248 576 
239 410 202 355 243 281 353 273 385 348 374 404 262 412 330 412 363 461 247 471 354 565 248 576 
238 408 202 354 243 280 353 273 385 348 373 404 262 411 329 411 363 461 247 466 354 566 248 576 
237 406 202 352 244 280 353 275 386 348 373 403 262 410 329 412 361 454 248 459 354 566 248 575 
236 405 202 350 244 280 353 274 387 347 372 401 262 410 329 411 359 451 248 453 354 566 248 575 
237 404 203 349 244 279 353 273 387 346 372 401 262 409 329 410 358 447 247 449 354 566 248 573 
238 404 204 348 245 279 353 273 388 346 372 400 263 408 329 410 357 446 245 450 354 567 248 572 
238 403 206 348 247 280 353 273 388 345 371 400 264 406 329 408 356 443 245 448 354 567 248 571 
238 402 207 348 249 279 353 273 388 345 371 398 265 406 329 407 356 441 245 447 354 567 248 570 
238 399 209 347 250 279 353 274 388 344 371 395 266 404 329 406 355 440 244 446 354 566 248 569 
238 397 210 346 251 279 354 274 388 345 371 394 267 403 329 405 354 439 244 444 352 560 248 564 
238 396 213 346 252 279 354 274 387 344 370 393 267 401 330 402 353 438 244 444 347 553 248 560 
239 395 214 345 252 278 354 274 387 344 370 392 268 400 330 402 351 438 245 445 345 550 248 558 
239 394 214 344 252 278 354 273 387 344 368 392 269 399 330 401 349 439 245 445 344 551 248 557 
239 394 213 344 252 278 354 273 388 344 368 393 269 399 330 401 349 440 245 446 342 549 249 554 
239 394 212 345 252 278 354 273 389 344 368 393 269 399 330 400 348 440 245 446 342 547 249 552 
239 395 207 345 252 278 354 273 390 343 368 393 269 398 330 399 347 439 245 446 341 547 249 552 
239 396 201 346 249 280 353 274 393 343 368 394 269 399 330 399 347 437 245 446 340 547 249 552 
239 397 195 348 247 282 352 277 396 343 368 395 269 404 330 402 346 437 245 446 340 545 248 553 
239 398 189 350 243 287 350 281 397 344 368 396 269 408 330 406 345 434 245 446 338 546 248 553 
235 399 185 350 240 288 350 283 398 344 367 396 268 409 329 407 343 434 244 448 338 546 248 553 
232 399 182 344 239 287 349 282 399 343 367 397 267 409 329 407 342 435 242 449 338 547 248 553 
229 398 183 337 236 277 348 273 399 338 365 396 265 399 327 398 340 436 240 450 337 547 247 553 
229 398 185 330 234 258 348 256 394 327 363 393 261 386 326 385 338 436 238 449 338 547 247 553 
229 395 186 317 231 232 347 231 388 314 358 388 259 364 325 360 339 431 237 443 338 547 248 553 
229 386 195 301 228 208 347 205 379 298 352 379 257 340 323 340 339 431 237 442 339 547 248 553 
229 367 205 284 226 189 347 188 368 287 349 368 256 332 323 332 339 434 237 442 339 547 248 553 
222 333 204 244 224 153 344 153 361 244 351 328 253 323 319 320 335 435 238 442 339 547 248 552 
212 317 201 230 220 135 340 133 360 223 352 310 248 313 317 314 331 433 240 439 339 547 248 549 
203 314 196 227 217 131 338 127 360 215 354 303 245 312 315 309 328 431 241 438 335 540 249 546 
193 318 190 229 216 131 337 127 360 219 358 307 245 313 314 310 324 431 242 438 328 539 249 546 
186 320 188 230 215 132 338 128 359 222 361 308 246 315 314 312 323 432 243 439 319 543 250 548 
187 321 188 229 217 131 338 127 358 224 366 312 247 315 315 312 324 437 245 438 322 559 250 548 
192 325 189 228 217 130 344 132 360 231 374 320 247 316 316 314 326 442 247 439 333 583 249 548 
192 327 194 229 223 130 352 134 362 236 377 321 249 320 319 318 336 454 248 440 350 606 249 548 
208 330 205 232 236 131 368 139 373 238 383 346 256 322 329 319 346 467 249 444 358 618 249 549 
223 331 218 231 247 129 384 138 389 239 393 353 266 322 342 325 357 475 253 449 361 622 249 547 
234 330 233 229 263 122 403 131 410 240 414 352 281 324 362 326 365 479 261 450 362 626 249 546 
249 328 248 224 280 113 421 121 429 230 435 336 298 324 381 326 376 480 283 457 365 628 261 540 
260 324 262 217 294 104 440 110 454 221 463 330 313 325 397 327 387 489 311 477 366 628 294 570 
269 325 274 215 305 98 458 105 477 220 490 329 326 325 407 327 392 492 345 491 365 627 335 617 
281 336 288 219 324 99 481 103 510 224 546 331 353 329 437 330 412 498 389 507 369 620 389 657 
294 353 301 219 340 101 502 103 529 227 575 334 366 344 451 344 417 504 404 521 370 618 427 680 
306 370 319 231 355 101 523 102 553 228 604 337 389 355 476 353 444 523 428 529 376 614 449 688 
